date,new_cases,Cumulative_cases,new_deaths,Cumulative_deaths
3/4/2020,1,1,0,0
3/5/2020,0,1,0,0
3/6/2020,0,1,0,0
3/7/2020,4,5,0,0
3/8/2020,1,6,0,0
3/9/2020,5,11,0,0
3/10/2020,6,17,0,0
3/11/2020,5,22,0,0
3/12/2020,9,31,0,0
3/13/2020,18,49,1,1
3/14/2020,19,68,1,2
3/15/2020,36,104,1,3
3/16/2020,21,125,0,3
3/17/2020,52,177,1,4
3/18/2020,61,238,1,5
3/19/2020,49,287,0,5
3/20/2020,68,355,0,5
3/21/2020,70,425,0,5
3/22/2020,111,536,0,5
3/23/2020,98,634,2,7
3/24/2020,115,749,1,8
3/25/2020,152,901,2,10
3/26/2020,150,1051,4,14
3/27/2020,170,1221,2,16
3/28/2020,168,1389,0,16
3/29/2020,249,1638,2,18
3/30/2020,224,1862,4,22
3/31/2020,193,2055,9,31
4/1/2020,256,2311,2,33
4/2/2020,243,2554,10,43
4/3/2020,392,2946,14,57
4/4/2020,437,3383,14,71
4/5/2020,244,3627,8,79
4/6/2020,475,4102,15,94
4/7/2020,311,4413,13,107
4/8/2020,435,4848,22,129
4/9/2020,357,5205,30,159
4/10/2020,370,5575,15,174
4/11/2020,380,5955,7,181
4/12/2020,401,6356,27,208
4/13/2020,318,6674,24,232
4/14/2020,260,6934,13,245
4/15/2020,268,7202,18,263
4/16/2020,380,7582,23,286
4/17/2020,336,7918,28,314
4/18/2020,461,8379,18,332
4/19/2020,363,8742,15,347
4/20/2020,545,9287,13,360
4/21/2020,306,9593,20,380
4/22/2020,263,9856,21,401
4/23/2020,313,10169,25,426
4/24/2020,342,10511,28,454
4/25/2020,381,10892,40,494
4/26/2020,381,11273,30,524
4/27/2020,344,11617,11,535
4/28/2020,285,11902,27,562
4/29/2020,316,12218,34,596
4/30/2020,422,12640,28,624
5/1/2020,237,12877,20,644
5/2/2020,228,13105,7,651
5/3/2020,270,13375,13,664
5/4/2020,318,13693,14,678
5/5/2020,313,14006,20,698
5/6/2020,425,14431,18,716
5/7/2020,309,14740,17,733
5/8/2020,307,15047,22,755
5/9/2020,319,15366,21,776
5/10/2020,285,15651,9,785
5/11/2020,345,15996,15,800
5/12/2020,330,16326,11,811
5/13/2020,595,16921,28,839
5/14/2020,283,17204,22,861
5/15/2020,411,17615,22,883
5/16/2020,401,18016,24,907
5/17/2020,241,18257,8,915
5/18/2020,272,18529,10,925
5/19/2020,356,18885,11,936
5/20/2020,383,19268,12,948
5/21/2020,471,19739,14,962
5/22/2020,404,20143,10,972
5/23/2020,476,20619,10,982
5/24/2020,312,20931,11,993
5/25/2020,395,21326,3,996
5/26/2020,305,21631,11,1007
5/27/2020,443,22074,17,1024
5/28/2020,399,22473,4,1028
5/29/2020,352,22825,10,1038
5/30/2020,330,23155,13,1051
5/31/2020,416,23571,10,1061
6/1/2020,215,23786,3,1064
6/2/2020,379,24165,10,1074
6/3/2020,230,24395,18,1092
6/4/2020,292,24687,23,1115
6/5/2020,361,25048,2,1117
6/6/2020,371,25419,20,1137
6/7/2020,567,25986,16,1153
6/8/2020,575,26561,4,1157
6/9/2020,599,27160,9,1166
6/10/2020,400,27560,17,1183
6/11/2020,197,27757,23,1206
6/12/2020,444,28201,9,1215
6/13/2020,376,28577,7,1222
6/14/2020,440,29017,15,1237
6/15/2020,375,29392,10,1247
6/16/2020,396,29788,9,1256
6/17/2020,407,30195,16,1272
6/18/2020,506,30701,14,1286
6/19/2020,314,31015,30,1316
6/20/2020,301,31316,18,1334
6/21/2020,304,31620,12,1346
6/22/2020,311,31931,10,1356
6/23/2020,296,32227,3,1359
6/24/2020,300,32527,16,1375
6/25/2020,294,32821,21,1396
6/26/2020,298,33119,16,1412
6/27/2020,276,33395,17,1429
6/28/2020,319,33714,6,1435
6/29/2020,193,33907,3,1438
6/30/2020,247,34154,6,1444
7/1/2020,239,34393,19,1463
7/2/2020,382,34775,14,1477
7/3/2020,371,35146,15,1492
7/4/2020,259,35405,15,1507
7/5/2020,314,35719,5,1512
7/6/2020,231,35950,5,1517
7/7/2020,205,36155,4,1521
7/8/2020,257,36412,7,1528
7/9/2020,277,36689,14,1542
7/10/2020,262,36951,9,1551
7/11/2020,265,37216,11,1562
7/12/2020,305,37521,6,1568
7/13/2020,370,37891,3,1571
7/14/2020,299,38190,5,1576
7/15/2020,267,38457,12,1588
7/16/2020,323,38780,6,1594
7/17/2020,274,39054,11,1605
7/18/2020,353,39407,7,1612
7/19/2020,339,39746,6,1618
7/20/2020,358,40104,6,1624
7/21/2020,279,40383,3,1627
7/22/2020,399,40782,9,1636
7/23/2020,380,41162,6,1642
7/24/2020,418,41580,9,1651
7/25/2020,458,42038,4,1655
7/26/2020,584,42622,9,1664
7/27/2020,443,43065,7,1671
7/28/2020,337,43402,5,1676
7/29/2020,502,43904,6,1682
7/30/2020,512,44416,12,1694
7/31/2020,615,45031,15,1709
8/1/2020,657,45688,7,1716
8/2/2020,658,46346,5,1721
8/3/2020,548,46894,10,1731
8/4/2020,575,47469,1,1732
8/5/2020,680,48149,6,1738
8/6/2020,640,48789,18,1756
8/7/2020,726,49515,18,1774
8/8/2020,809,50324,13,1787
8/9/2020,843,51167,13,1800
8/10/2020,624,51791,7,1807
8/11/2020,619,52410,2,1809
8/12/2020,551,52961,12,1821
8/13/2020,715,53676,9,1830
8/14/2020,811,54487,14,1844
8/15/2020,832,55319,14,1858
8/16/2020,771,56090,11,1869
8/17/2020,594,56684,8,1877
8/18/2020,595,57279,8,1885
8/19/2020,597,57876,11,1896
8/20/2020,735,58611,17,1913
8/21/2020,767,59378,12,1925
8/22/2020,903,60281,13,1938
8/23/2020,900,61181,13,1951
8/24/2020,581,61762,4,1955
8/25/2020,548,62310,5,1960
8/26/2020,763,63073,17,1977
8/27/2020,729,63802,17,1994
8/28/2020,887,64689,16,2010
8/29/2020,791,65480,8,2018
8/30/2020,759,66239,14,2032
8/31/2020,631,66870,1,2033
9/1/2020,502,67372,6,2039
9/2/2020,550,67922,19,2058
9/3/2020,595,68517,20,2078
9/4/2020,612,69129,14,2092
9/5/2020,691,69820,8,2100
9/6/2020,567,70387,13,2113
9/7/2020,437,70824,7,2120
9/8/2020,302,71126,4,2124
9/9/2020,400,71526,12,2136
9/10/2020,421,71947,11,2147
9/11/2020,506,72453,12,2159
9/12/2020,594,73047,10,2169
9/13/2020,603,73650,13,2182
9/14/2020,502,74152,6,2188
9/15/2020,377,74529,15,2203
9/16/2020,605,75134,24,2227
9/17/2020,600,75734,10,2237
9/18/2020,837,76571,16,2253
9/19/2020,757,77328,17,2270
9/20/2020,1002,78330,12,2282
9/21/2020,910,79240,11,2293
9/22/2020,748,79988,5,2298
9/23/2020,711,80699,18,2316
9/24/2020,974,81673,28,2344
9/25/2020,1136,82809,25,2369
9/26/2020,1587,84396,23,2392
9/27/2020,1584,85980,32,2424
9/28/2020,1350,87330,8,2432
9/29/2020,1306,88636,15,2447
9/30/2020,1326,89962,36,2483
10/1/2020,1552,91514,30,2513
10/2/2020,1967,93481,30,2543
10/3/2020,2292,95773,27,2570
10/4/2020,2367,98140,34,2604
10/5/2020,0,98140,0,2604
10/6/2020,3940,102080,55,2659
10/7/2020,2236,104316,58,2717
10/8/2020,3003,107319,75,2792
10/9/2020,4280,111599,75,2867
10/10/2020,4739,116338,52,2919
10/11/2020,5300,121638,53,2972
10/12/2020,4178,125816,32,3004
10/13/2020,4394,130210,35,3039
10/14/2020,5068,135278,62,3101
10/15/2020,6526,141804,116,3217
10/16/2020,8099,149903,91,3308
10/17/2020,7705,157608,132,3440
10/18/2020,9622,167230,84,3524
10/19/2020,8536,175766,49,3573
10/20/2020,7482,183248,41,3614
10/21/2020,9291,192539,107,3721
10/22/2020,10040,202579,130,3851
10/23/2020,12107,214686,168,4019
10/24/2020,13632,228318,153,4172
10/25/2020,13628,241946,179,4351
10/26/2020,11742,253688,87,4438
10/27/2020,10241,263929,45,4483
10/28/2020,16300,280229,132,4615
10/29/2020,18820,299049,236,4851
10/30/2020,20156,319205,298,5149
10/31/2020,23629,342834,202,5351
11/1/2020,23897,366731,280,5631
11/2/2020,19171,385902,152,5783
11/3/2020,17578,403480,92,5875
11/4/2020,21364,424844,227,6102
11/5/2020,26692,451536,373,6475
11/6/2020,29143,480679,367,6842
11/7/2020,29086,509765,445,7287
11/8/2020,29875,539640,349,7636
11/9/2020,26785,566425,236,7872
11/10/2020,23713,590138,173,8045
11/11/2020,27454,617592,330,8375
11/12/2020,27221,644813,430,8805
11/13/2020,24683,669496,275,9080
11/14/2020,26051,695547,419,9499
11/15/2020,27571,723118,546,10045
11/16/2020,23854,746972,303,10348
11/17/2020,24745,771717,330,10678
11/18/2020,21152,792869,357,11035
11/19/2020,20406,813275,603,11638
11/20/2020,23975,837250,637,12275
11/21/2020,22464,859714,626,12901
11/22/2020,24213,883927,574,13475
11/23/2020,17856,901783,330,13805
11/24/2020,10141,911924,540,14345
11/25/2020,15360,927284,674,15019
11/26/2020,16846,944130,580,15599
11/27/2020,17059,961189,579,16178
11/28/2020,15183,976372,599,16777
11/29/2020,11483,987855,283,17060
11/30/2020,5734,993589,121,17181
12/1/2020,9066,1002655,449,17630
12/2/2020,13870,1016525,609,18239
12/3/2020,14838,1031363,620,18859
12/4/2020,13230,1044593,531,19390
12/5/2020,12430,1057023,502,19892
12/6/2020,9175,1066198,228,20120
12/7/2020,4424,1070622,92,20212
12/8/2020,8315,1078937,411,20623
12/9/2020,12164,1091101,568,21191
12/10/2020,13747,1104848,470,21661
12/11/2020,13105,1117953,544,22205
12/12/2020,11498,1129451,502,22707
12/13/2020,8978,1138429,188,22895
12/14/2020,4858,1143287,96,22991
12/15/2020,6908,1150195,349,23340
12/16/2020,12447,1162642,605,23945
12/17/2020,11953,1174595,431,24376
12/18/2020,10992,1185587,426,24802
12/19/2020,11261,1196848,483,25285
12/20/2020,8593,1205441,143,25428
12/21/2020,4633,1210074,77,25505
12/22/2020,7190,1217264,309,25814
12/23/2020,12363,1229627,472,26286
12/24/2020,13114,1242741,552,26838
12/25/2020,9077,1251818,244,27082
12/26/2020,5048,1256866,68,27150
12/27/2020,3678,1260544,56,27206
12/28/2020,3211,1263755,27,27233
12/29/2020,7914,1271669,311,27544
12/30/2020,12955,1284624,565,28109
12/31/2020,13397,1298021,532,28641
1/1/2021,11008,1309029,400,29041
1/2/2021,6945,1315974,102,29143
1/3/2021,5739,1321713,61,29204
1/4/2021,4432,1326145,42,29246
1/5/2021,7624,1333769,341,29587
1/6/2021,14151,1347920,553,30140
1/7/2021,12054,1359974,186,30326
1/8/2021,8790,1368764,332,30658
1/9/2021,10548,1379312,438,31096
1/10/2021,9410,1388722,177,31273
1/11/2021,4622,1393344,75,31348
1/12/2021,5569,1398913,326,31674
1/13/2021,9053,1407966,481,32155
1/14/2021,9436,1417402,381,32536
1/15/2021,7795,1425197,386,32922
1/16/2021,7412,1432609,369,33291
1/17/2021,6055,1438664,142,33433
1/18/2021,3271,1441935,52,33485
1/19/2021,4835,1446770,291,33776
1/20/2021,6919,1453689,443,34219
1/21/2021,7152,1460841,419,34638
1/22/2021,6640,1467481,346,34984
1/23/2021,6322,1473803,346,35330
1/24/2021,4683,1478486,110,35440
1/25/2021,2419,1480905,38,35478
1/26/2021,4604,1485509,264,35742
1/27/2021,6789,1492298,389,36131
1/28/2021,7156,1499454,389,36520
1/29/2021,6144,1505598,336,36856
1/30/2021,5864,1511462,303,37159
1/31/2021,4706,1516168,98,37257
2/1/2021,2503,1518671,42,37299
2/2/2021,4326,1522997,253,37552
2/3/2021,6802,1529799,421,37973
2/4/2021,6496,1536295,444,38417
2/5/2021,6053,1542348,368,38785
2/6/2021,5965,1548313,283,39068
2/7/2021,4728,1553041,93,39161
2/8/2021,2431,1555472,45,39206
2/9/2021,4029,1559501,227,39433
2/10/2021,6930,1566431,360,39793
2/11/2021,7008,1573439,456,40249
2/12/2021,6379,1579818,247,40496
2/13/2021,6586,1586404,284,40780
2/14/2021,5334,1591738,98,40878
2/15/2021,2543,1594281,25,40903
2/16/2021,5178,1599459,196,41099
2/17/2021,8694,1608153,279,41378
2/18/2021,9073,1617226,273,41651
2/19/2021,8777,1626003,241,41892
2/20/2021,8510,1634513,254,42146
2/21/2021,7038,1641551,94,42240
2/22/2021,3890,1645441,17,42257
2/23/2021,6310,1651751,247,42504
2/24/2021,12146,1663897,372,42876
2/25/2021,12142,1676039,286,43162
2/26/2021,11539,1687578,259,43421
2/27/2021,12100,1699678,303,43724
2/28/2021,10099,1709777,114,43838
3/1/2021,4786,1714563,24,43862
3/2/2021,7937,1722500,216,44078
3/3/2021,15698,1738198,309,44387
3/4/2021,15250,1753448,289,44676
3/5/2021,15829,1769277,263,44939
3/6/2021,14857,1784134,245,45184
3/7/2021,13574,1797708,126,45310
3/8/2021,6170,1803878,32,45342
3/9/2021,9954,1813832,282,45624
3/10/2021,17260,1831092,398,46022
3/11/2021,21045,1852137,375,46397
3/12/2021,18775,1870912,351,46748
3/13/2021,21049,1891961,343,47091
3/14/2021,17259,1909220,110,47201
3/15/2021,10896,1920116,28,47229
3/16/2021,14396,1934512,372,47601
3/17/2021,25052,1959564,453,48054
3/18/2021,27278,1986842,356,48410
3/19/2021,25998,2012840,419,48829
3/20/2021,26405,2039245,349,49178
3/21/2021,21849,2061094,140,49318
3/22/2021,14578,2075672,65,49383
3/23/2021,16741,2092413,396,49779
3/24/2021,29978,2122391,575,50354
3/25/2021,34151,2156542,520,50874
3/26/2021,35143,2191685,443,51317
3/27/2021,31757,2223442,448,51765
3/28/2021,29253,2252695,131,51896
3/29/2021,16965,2269660,48,51944
3/30/2021,20870,2290530,461,52405
3/31/2021,32874,2323404,653,53058
4/1/2021,35251,2358655,621,53679
4/2/2021,30546,2389201,497,54176
4/3/2021,28073,2417274,571,54747
4/4/2021,22947,2440221,204,54951
4/5/2021,9902,2450123,64,55015
4/6/2021,8245,2458368,60,55075
4/7/2021,14910,2473278,638,55713
4/8/2021,27887,2501165,954,56667
4/9/2021,28487,2529652,768,57435
4/10/2021,24856,2554508,749,58184
4/11/2021,21703,2576211,245,58429
4/12/2021,12013,2588224,61,58490
4/13/2021,13227,2601451,644,59134
4/14/2021,21283,2622734,803,59937
4/15/2021,21130,2643864,682,60619
4/16/2021,17847,2661711,595,61214
4/17/2021,15763,2677474,616,61830
4/18/2021,12153,2689627,207,62037
4/19/2021,7283,2696910,101,62138
4/20/2021,9246,2706156,601,62739
4/21/2021,13926,2720082,740,63479
4/22/2021,12762,2732844,694,64173
4/23/2021,10858,2743702,539,64712
4/24/2021,9505,2753207,513,65225
4/25/2021,7219,2760426,193,65418
4/26/2021,3451,2763877,22,65440
4/27/2021,5709,2769586,460,65900
4/28/2021,8895,2778481,636,66536
4/29/2021,8427,2786908,541,67077
4/30/2021,6796,2793704,429,67506
5/1/2021,6469,2800173,423,67929
5/2/2021,4612,2804785,144,68073
5/3/2021,2525,2807310,37,68110
5/4/2021,2296,2809606,28,68138
5/5/2021,3896,2813502,349,68487
5/6/2021,6431,2819933,510,68997
5/7/2021,6047,2825980,453,69450
5/8/2021,4765,2830745,421,69871
5/9/2021,3852,2834597,147,70018
5/10/2021,2032,2836629,22,70040
5/11/2021,3098,2839727,319,70359
5/12/2021,4255,2843982,343,70702
5/13/2021,3730,2847712,342,71044
5/14/2021,3288,2851000,289,71333
5/15/2021,2896,2853896,298,71631
5/16/2021,2167,2856063,55,71686
5/17/2021,1109,2857172,11,71697
5/18/2021,1734,2858906,245,71942
5/19/2021,2344,2861250,329,72271
5/20/2021,2086,2863336,250,72521
5/21/2021,1679,2865015,191,72712
5/22/2021,1516,2866531,191,72903
5/23/2021,1075,2867606,46,72949
5/24/2021,559,2868165,17,72966
5/25/2021,1000,2869165,151,73117
5/26/2021,1267,2870432,209,73326
5/27/2021,1230,2871662,135,73461
5/28/2021,946,2872608,117,73578
5/29/2021,775,2873383,125,73703
5/30/2021,579,2873962,56,73759
5/31/2021,333,2874295,7,73766
6/1/2021,588,2874883,111,73877
6/2/2021,664,2875547,128,74005
6/3/2021,572,2876119,91,74096
6/4/2021,319,2876438,26,74122
6/5/2021,415,2876853,38,74160
6/6/2021,312,2877165,13,74173
6/7/2021,194,2877359,8,74181
6/8/2021,400,2877759,95,74276
6/9/2021,428,2878187,108,74384
6/10/2021,382,2878569,84,74468
6/11/2021,341,2878910,68,74536
6/12/2021,239,2879149,47,74583
6/13/2021,227,2879376,11,74594
6/14/2021,140,2879516,1,74595
6/15/2021,215,2879731,52,74647
6/16/2021,241,2879972,62,74709
6/17/2021,218,2880190,46,74755
6/18/2021,190,2880380,48,74803
6/19/2021,168,2880548,41,74844
6/20/2021,133,2880681,5,74849
6/21/2021,73,2880754,1,74850
6/22/2021,188,2880942,29,74879
6/23/2021,165,2881107,35,74914
6/24/2021,147,2881254,24,74938
6/25/2021,133,2881387,36,74974
6/26/2021,100,2881487,21,74995
6/27/2021,71,2881558,5,75000
6/28/2021,52,2881610,0,75000
6/29/2021,123,2881733,26,75026
6/30/2021,104,2881837,16,75042
7/1/2021,98,2881935,23,75065
7/2/2021,96,2882031,21,75086
7/3/2021,107,2882138,18,75104
7/4/2021,54,2882192,1,75105
7/5/2021,38,2882230,1,75106
7/6/2021,96,2882326,10,75116
7/7/2021,103,2882429,17,75133
7/8/2021,93,2882522,19,75152
7/9/2021,76,2882598,17,75169
7/10/2021,86,2882684,7,75176
7/11/2021,66,2882750,1,75177
7/12/2021,44,2882794,0,75177
7/13/2021,96,2882890,13,75190
7/14/2021,86,2882976,6,75196
7/15/2021,105,2883081,12,75208
7/16/2021,93,2883174,14,75222
7/17/2021,114,2883288,7,75229
7/18/2021,69,2883357,3,75232
7/19/2021,67,2883424,0,75232
7/20/2021,104,2883528,4,75236
7/21/2021,124,2883652,3,75239
7/22/2021,126,2883778,9,75248
7/23/2021,108,2883886,4,75252
7/24/2021,122,2884008,6,75258
7/25/2021,82,2884090,1,75259
7/26/2021,74,2884164,0,75259
7/27/2021,106,2884270,7,75266
7/28/2021,138,2884408,3,75269
7/29/2021,167,2884575,5,75274
7/30/2021,153,2884728,2,75276
7/31/2021,153,2884881,2,75278
8/1/2021,91,2884972,0,75278
8/2/2021,91,2885063,0,75278
8/3/2021,164,2885227,4,75282
8/4/2021,164,2885391,4,75286
8/5/2021,176,2885567,6,75292
8/6/2021,172,2885739,6,75298
8/7/2021,181,2885920,4,75302
8/8/2021,122,2886042,0,75302
8/9/2021,64,2886106,0,75302
8/10/2021,200,2886306,0,75302
8/11/2021,198,2886504,4,75306
8/12/2021,223,2886727,2,75308
8/13/2021,196,2886923,6,75314
8/14/2021,211,2887134,2,75316
8/15/2021,148,2887282,0,75316
8/16/2021,128,2887410,0,75316
8/17/2021,221,2887631,7,75323
8/18/2021,208,2887839,1,75324
8/19/2021,197,2888036,4,75328
8/20/2021,212,2888248,4,75332
8/21/2021,222,2888470,1,75333
8/22/2021,185,2888655,0,75333
8/23/2021,107,2888762,0,75333
8/24/2021,233,2888995,8,75341
8/25/2021,234,2889229,5,75346
8/26/2021,251,2889480,3,75349
8/27/2021,258,2889738,3,75352
8/28/2021,290,2890028,5,75357
8/29/2021,204,2890232,0,75357
8/30/2021,151,2890383,0,75357
8/31/2021,285,2890668,5,75362
9/1/2021,366,2891034,13,75375
9/2/2021,390,2891424,7,75382
9/3/2021,349,2891773,5,75387
9/4/2021,389,2892162,7,75394
9/5/2021,324,2892486,0,75394
9/6/2021,183,2892669,0,75394
9/7/2021,406,2893075,13,75407
9/8/2021,533,2893608,11,75418
9/9/2021,510,2894118,6,75424
9/10/2021,528,2894646,8,75432
9/11/2021,530,2895176,8,75440
9/12/2021,476,2895652,0,75440
9/13/2021,269,2895921,0,75440
9/14/2021,537,2896458,8,75448
9/15/2021,767,2897225,21,75469
9/16/2021,722,2897947,10,75479
9/17/2021,652,2898599,8,75487
9/18/2021,797,2899396,14,75501
9/19/2021,540,2899936,1,75502
9/20/2021,363,2900299,0,75502
9/21/2021,711,2901010,15,75517
9/22/2021,882,2901892,20,75537
9/23/2021,974,2902866,14,75551
9/24/2021,813,2903679,14,75565
9/25/2021,917,2904596,20,75585
9/26/2021,643,2905239,1,75586
9/27/2021,421,2905660,0,75586
9/28/2021,975,2906635,29,75615
9/29/2021,1234,2907869,22,75637
9/30/2021,1208,2909077,27,75664
10/1/2021,1362,2910439,16,75680
10/2/2021,1344,2911783,23,75703
10/3/2021,1090,2912873,6,75709
10/4/2021,684,2913557,0,75709
10/5/2021,1325,2914882,46,75755
10/6/2021,2085,2916967,33,75788
10/7/2021,2007,2918974,29,75817
10/8/2021,1895,2920869,31,75848
10/9/2021,2012,2922881,29,75877
10/10/2021,1527,2924408,5,75882
10/11/2021,903,2925311,0,75882
10/12/2021,2118,2927429,49,75931
10/13/2021,2640,2930069,40,75971
10/14/2021,3000,2933069,60,76031
10/15/2021,2771,2935840,49,76080
10/16/2021,3236,2939076,44,76124
10/17/2021,2523,2941599,1,76125
10/18/2021,1537,2943136,3,76128
10/19/2021,3931,2947067,64,76192
10/20/2021,5559,2952626,75,76267
10/21/2021,5592,2958218,46,76313
10/22/2021,5706,2963924,59,76372
10/23/2021,6274,2970198,75,76447
10/24/2021,4728,2974926,13,76460
10/25/2021,2950,2977876,0,76460
10/26/2021,6265,2984141,93,76553
10/27/2021,8361,2992502,133,76686
10/28/2021,8378,3000880,101,76787
10/29/2021,9387,3010267,102,76889
10/30/2021,9798,3020065,115,77004
10/31/2021,7145,3027210,9,77013
11/1/2021,4894,3032104,13,77026
11/2/2021,4514,3036618,9,77035
11/3/2021,10429,3047047,124,77159
11/4/2021,15515,3062562,250,77409
11/5/2021,15904,3078466,152,77561
11/6/2021,15190,3093656,186,77747
11/7/2021,12493,3106149,24,77771
11/8/2021,7316,3113465,3,77774
11/9/2021,13644,3127109,220,77994
11/10/2021,18550,3145659,269,78263
11/11/2021,19074,3164733,274,78537
11/12/2021,12965,3177698,31,78568
11/13/2021,14292,3191990,266,78834
11/14/2021,14442,3206432,46,78880
11/15/2021,9512,3215944,12,78892
11/16/2021,16590,3232534,282,79174
11/17/2021,24239,3256773,463,79637
11/18/2021,24882,3281655,370,80007
11/19/2021,23242,3304897,403,80410
11/20/2021,23414,3328311,382,80792
11/21/2021,18883,3347194,41,80833
11/22/2021,12334,3359528,8,80841
11/23/2021,19936,3379464,398,81239
11/24/2021,28380,3407844,460,81699
11/25/2021,28128,3435972,497,82196
11/26/2021,26735,3462707,421,82617
11/27/2021,26182,3488889,378,82995
11/28/2021,20576,3509465,51,83046
11/29/2021,13115,3522580,18,83064
11/30/2021,19074,3541654,526,83590
12/1/2021,29064,3570718,570,84160
12/2/2021,27356,3598074,502,84662
12/3/2021,26965,3625039,470,85132
12/4/2021,25576,3650615,502,85634
12/5/2021,22389,3673004,45,85679
12/6/2021,13250,3686254,25,85704
12/7/2021,19366,3705620,504,86208
12/8/2021,28542,3734162,592,86800
12/9/2021,27458,3761620,562,87362
12/10/2021,24991,3786611,571,87933
12/11/2021,23764,3810375,486,88419
12/12/2021,19452,3829827,65,88484
12/13/2021,11379,3841206,29,88513
12/14/2021,17460,3858666,537,89050
12/15/2021,24266,3882932,669,89719
12/16/2021,22097,3905029,592,90311
12/17/2021,20027,3925056,566,90877
12/18/2021,19397,3944453,543,91420
12/19/2021,15976,3960429,70,91490
12/20/2021,9609,3970038,29,91519
12/21/2021,13806,3983844,538,92057
12/22/2021,18021,4001865,775,92832
12/23/2021,17156,4019021,616,93448
12/24/2021,15392,4034413,596,94044
12/25/2021,10788,4045201,269,94313
12/26/2021,6252,4051453,16,94329
12/27/2021,5029,4056482,38,94367
12/28/2021,9843,4066325,549,94916
12/29/2021,15571,4081896,794,95710
12/30/2021,14325,4096221,709,96419
12/31/2021,13601,4109822,638,97057
1/1/2022,12032,4121854,505,97562
1/2/2022,7179,4129033,33,97595
1/3/2022,6422,4135455,9,97604
1/4/2022,11670,4147125,433,98037
1/5/2022,17196,4164321,632,98669
1/6/2022,16576,4180897,646,99315
1/7/2022,11902,4192799,117,99432
1/8/2022,10900,4203699,292,99724
1/9/2022,11106,4214805,22,99746
1/10/2022,7785,4222590,19,99765
1/11/2022,11406,4233996,493,100258
1/12/2022,16173,4250169,684,100942
1/13/2022,16878,4267047,481,101423
1/14/2022,16047,4283094,423,101846
1/15/2022,16896,4299990,429,102275
1/16/2022,14667,4314657,35,102310
1/17/2022,10445,4325102,4,102314
1/18/2022,19652,4344754,377,102691
1/19/2022,30586,4375340,375,103066
1/20/2022,32835,4408175,315,103381
1/21/2022,36665,4444840,248,103629
1/22/2022,40876,4485716,193,103822
1/23/2022,34088,4519804,25,103847
1/24/2022,29100,4548904,2,103849
1/25/2022,36995,4585899,252,104101
1/26/2022,53420,4639319,276,104377
1/27/2022,57659,4696978,262,104639
1/28/2022,57262,4754240,271,104910
1/29/2022,51695,4805935,231,105141
1/30/2022,48251,4854186,23,105164
1/31/2022,33480,4887666,33,105197
2/1/2022,39114,4926780,239,105436
2/2/2022,56051,4982831,318,105754
2/3/2022,54477,5037308,307,106061
2/4/2022,47534,5084842,246,106307
2/5/2022,45749,5130591,272,106579
2/6/2022,34703,5165294,19,106598
2/7/2022,21980,5187274,10,106608
2/8/2022,35960,5223234,286,106894
2/9/2022,46872,5270106,310,107204
2/10/2022,42095,5312201,262,107466
2/11/2022,35777,5347978,290,107756
2/12/2022,31331,5379309,333,108089
2/13/2022,22070,5401379,31,108120
2/14/2022,13473,5414852,17,108137
2/15/2022,22267,5437119,378,108515
2/16/2022,28859,5465978,372,108887
2/17/2022,29229,5495207,316,109203
2/18/2022,23990,5519197,304,109507
2/19/2022,20902,5540099,283,109790
2/20/2022,13687,5553786,25,109815
2/21/2022,9589,5563375,16,109831
2/22/2022,18792,5582167,325,110156
2/23/2022,20456,5602623,360,110516
2/24/2022,18282,5620905,341,110857
2/25/2022,16724,5637629,198,111055
2/26/2022,13960,5651589,221,111276
2/27/2022,8902,5660491,40,111316
2/28/2022,6564,5667055,1,111317
3/1/2022,12984,5680039,269,111586
3/2/2022,14737,5694776,277,111863
3/3/2022,14068,5708844,266,112129
3/4/2022,12483,5721327,206,112335
3/5/2022,12737,5734064,199,112534
3/6/2022,7697,5741761,10,112544
3/7/2022,5585,5747346,6,112550
3/8/2022,13152,5760498,217,112767
3/9/2022,14415,5774913,234,113001
3/10/2022,13438,5788351,184,113185
3/11/2022,11637,5799988,121,113306
3/12/2022,11116,5811104,127,113433
3/13/2022,7580,5818684,10,113443
3/14/2022,5298,5823982,1,113444
3/15/2022,12690,5836672,178,113622
3/16/2022,14475,5851147,151,113773
3/17/2022,12267,5863414,207,113980
3/18/2022,11658,5875072,107,114087
3/19/2022,10374,5885446,119,114206
3/20/2022,5694,5891140,12,114218
3/21/2022,4164,5895304,3,114221
3/22/2022,10159,5905463,133,114354
3/23/2022,10425,5915888,124,114478
3/24/2022,8988,5924876,146,114624
3/25/2022,8231,5933107,110,114734
3/26/2022,6628,5939735,85,114819
3/27/2022,3492,5943227,7,114826
3/28/2022,2367,5945594,1,114827
3/29/2022,6606,5952200,110,114937
3/30/2022,5740,5957940,101,115038
3/31/2022,4991,5962931,133,115171
4/1/2022,4039,5966970,74,115245
4/2/2022,2101,5969071,96,115341
4/3/2022,550,5969621,2,115343
4/4/2022,493,5970114,0,115343
4/5/2022,1884,5971998,50,115393
4/6/2022,1559,5973557,77,115470
4/7/2022,1483,5975040,64,115534
4/8/2022,1324,5976364,58,115592
4/9/2022,1409,5977773,41,115633
4/10/2022,442,5978215,0,115633
4/11/2022,381,5978596,0,115633
4/12/2022,1624,5980220,61,115694
4/13/2022,1266,5981486,40,115734
4/14/2022,1178,5982664,39,115773
4/15/2022,1200,5983864,34,115807
4/16/2022,1076,5984940,29,115836
4/17/2022,311,5985251,0,115836
4/18/2022,266,5985517,0,115836
4/19/2022,301,5985818,0,115836
4/20/2022,1523,5987341,31,115867
4/21/2022,1177,5988518,30,115897
4/22/2022,1096,5989614,27,115924
4/23/2022,1239,5990853,22,115946
4/24/2022,344,5991197,0,115946
4/25/2022,267,5991464,0,115946
4/26/2022,1356,5992820,29,115975
4/27/2022,1041,5993861,21,115996
4/28/2022,957,5994818,24,116020
4/29/2022,856,5995674,20,116040
4/30/2022,840,5996514,17,116057
5/1/2022,234,5996748,0,116057
5/2/2022,187,5996935,0,116057
5/3/2022,890,5997825,10,116067
5/4/2022,173,5997998,3,116070
5/5/2022,911,5998909,29,116099
5/6/2022,608,5999517,25,116124
5/7/2022,700,6000217,14,116138
5/8/2022,199,6000416,0,116138
5/9/2022,184,6000600,0,116138
5/10/2022,727,6001327,12,116150
5/11/2022,566,6001893,15,116165
5/12/2022,501,6002394,11,116176
5/13/2022,469,6002863,11,116187
5/14/2022,434,6003297,21,116208
5/15/2022,139,6003436,0,116208
5/16/2022,95,6003531,0,116208
5/17/2022,510,6004041,10,116218
5/18/2022,386,6004427,13,116231
5/19/2022,359,6004786,12,116243
5/20/2022,315,6005101,13,116256
5/21/2022,335,6005436,13,116269
5/22/2022,95,6005531,0,116269
5/23/2022,65,6005596,0,116269
5/24/2022,419,6006015,16,116285
5/25/2022,283,6006298,6,116291
5/26/2022,249,6006547,9,116300
5/27/2022,262,6006809,6,116306
5/28/2022,264,6007073,6,116312
5/29/2022,83,6007156,0,116312
5/30/2022,82,6007238,0,116312
5/31/2022,346,6007584,7,116319
6/1/2022,256,6007840,7,116326
6/2/2022,219,6008059,7,116333
6/3/2022,236,6008295,5,116338
6/4/2022,255,6008550,11,116349
6/5/2022,62,6008612,0,116349
6/6/2022,53,6008665,0,116349
6/7/2022,338,6009003,6,116355
6/8/2022,202,6009205,7,116362
6/9/2022,274,6009479,6,116368
6/10/2022,247,6009726,1,116369
6/11/2022,263,6009989,2,116371
6/12/2022,56,6010045,0,116371
6/13/2022,45,6010090,0,116371
6/14/2022,321,6010411,9,116380
6/15/2022,232,6010643,7,116387
6/16/2022,228,6010871,3,116390
6/17/2022,48,6010919,0,116390
6/18/2022,255,6011174,3,116393
6/19/2022,65,6011239,0,116393
6/20/2022,47,6011286,0,116393
6/21/2022,374,6011660,7,116400
6/22/2022,324,6011984,4,116404
6/23/2022,305,6012289,1,116405
6/24/2022,346,6012635,7,116412
6/25/2022,344,6012979,5,116417
6/26/2022,97,6013076,0,116417
6/27/2022,88,6013164,0,116417
6/28/2022,695,6013859,3,116420
6/29/2022,545,6014404,4,116424
6/30/2022,588,6014992,0,116424
7/1/2022,642,6015634,5,116429
7/2/2022,615,6016249,6,116435
7/3/2022,158,6016407,0,116435
7/4/2022,119,6016526,0,116435
7/5/2022,1075,6017601,2,116437
7/6/2022,964,6018565,3,116440
7/7/2022,1068,6019633,9,116449
7/8/2022,1046,6020679,0,116449
7/9/2022,1264,6021943,4,116453
7/10/2022,284,6022227,0,116453
7/11/2022,227,6022454,0,116453
7/12/2022,2034,6024488,5,116458
7/13/2022,1646,6026134,6,116464
7/14/2022,1840,6027974,4,116468
7/15/2022,1973,6029947,2,116470
7/16/2022,2131,6032078,0,116470
7/17/2022,397,6032475,0,116470
7/18/2022,319,6032794,0,116470
7/19/2022,3247,6036041,5,116475
7/20/2022,2851,6038892,11,116486
7/21/2022,2998,6041890,6,116492
7/22/2022,3032,6044922,6,116498
7/23/2022,3487,6048409,12,116510
7/24/2022,642,6049051,0,116510
7/25/2022,589,6049640,0,116510
7/26/2022,5103,6054743,14,116524
7/27/2022,3684,6058427,11,116535
7/28/2022,3514,6061941,12,116547
7/29/2022,3391,6065332,9,116556
